Name=ec_court2
Hoops=1
Hoop_1_Pos_0=1936.175903
Hoop_1_Pos_1=-2119.137207
Hoop_1_Pos_2=15.547210
Hoop_1_Pos_3=-179.499969
