Name=little_mexico
Hoops=1
Hoop_1_Pos_0=1619.314941
Hoop_1_Pos_1=-1816.108398
Hoop_1_Pos_2=14.667116
Hoop_1_Pos_3=89.300018
