Name=backyard
Hoops=1
Hoop_1_Pos_0=2056.155273
Hoop_1_Pos_1=-1656.318969
Hoop_1_Pos_2=14.696874
Hoop_1_Pos_3=90.500030
