Name=els
Hoops=1
Hoop_1_Pos_0=2290.613769
Hoop_1_Pos_1=-1514.136840
Hoop_1_Pos_2=28.024999
Hoop_1_Pos_3=179.200119
