Name=Chinatown
Hoops=1
Hoop_1_Pos_0=1615.800781
Hoop_1_Pos_1=-1537.861938
Hoop_1_Pos_2=14.845735
Hoop_1_Pos_3=138.100051
