Name=Chinatown
Hoops=1
Hoop_1_Pos_0=1615.760620
Hoop_1_Pos_1=-1537.827270
Hoop_1_Pos_2=14.855738
Hoop_1_Pos_3=137.699890
