Name=Ganton
Hoops=1
Hoop_1_Pos_0=2483.330078
Hoop_1_Pos_1=-1785.740112
Hoop_1_Pos_2=14.269826
Hoop_1_Pos_3=89.699928
