Name=fd_roof
Hoops=1
Hoop_1_Pos_0=1835.265136
Hoop_1_Pos_1=-1441.952514
Hoop_1_Pos_2=26.322311
Hoop_1_Pos_3=90.899978
