Name=idlewood_court2
Hoops=1
Hoop_1_Pos_0=1955.290039
Hoop_1_Pos_1=-1576.348022
Hoop_1_Pos_2=14.828187
Hoop_1_Pos_3=179.800033
