Name=els_court
Hoops=1
Hoop_1_Pos_0=2316.920166
Hoop_1_Pos_1=-1541.572875
Hoop_1_Pos_2=26.553750
Hoop_1_Pos_3=0.000000
