Name=seville_court
Hoops=1
Hoop_1_Pos_0=2768.139892
Hoop_1_Pos_1=-2019.602172
Hoop_1_Pos_2=14.704412
Hoop_1_Pos_3=-90.599975
