Name=els_court
Hoops=1
Hoop_1_Pos_0=2403.231445
Hoop_1_Pos_1=-1375.345458
Hoop_1_Pos_2=25.427503
Hoop_1_Pos_3=178.799926
