Name=idlecourt
Hoops=1
Hoop_1_Pos_0=1955.439575
Hoop_1_Pos_1=-1599.461303
Hoop_1_Pos_2=14.815999
Hoop_1_Pos_3=0.000000
