Name=westmontcourt
Hoops=1
Hoop_1_Pos_0=2143.109619
Hoop_1_Pos_1=-1941.089355
Hoop_1_Pos_2=14.684661
Hoop_1_Pos_3=-90.000015
