Name=WF Dead end
Hoops=1
Hoop_1_Pos_0=2534.693847
Hoop_1_Pos_1=-2009.317260
Hoop_1_Pos_2=14.716875
Hoop_1_Pos_3=91.500083
